-1.67962
0.875448
1.07982
4.93735
2.11034
-1.66092
0.867885
1.09063
1.54595
2.13103
-1.65052
0.859597
1.17084
4.23436
2.14138
-1.66985
0.873175
1.03881
1.33851
2.12069
-1.63955
0.85107
1.23436
8.04089
2.15172
-1.68725
0.881046
1.0149
3.12523
2.1
-1.5753
0.809747
1.46488
3.59774
2.21379
-1.62065
0.843471
1.29216
2.14275
2.17241
-1.58441
0.815669
1.46906
4.94513
2.20345
-1.60846
0.833535
1.33326
3.68375
2.18276
-1.59811
0.82422
1.42818
6.61214
2.1931
-1.628
0.846243
1.24946
3.75476
2.16207
-1.54922
0.786754
1.66165
6.65886
2.23448
-1.51834
0.755201
1.86499
8.80205
2.25517
-1.50132
0.72983
2.12322
16.7711
2.26552
-1.48145
0.705677
2.26635
18.8614
2.27586
-1.53119
0.769231
1.82673
7.81013
2.24483
-1.55986
0.795592
1.59369
6.31239
2.22414
-1.45267
0.661401
2.46982
32.2622
2.29655
-1.38227
0.51632
2.56482
55.9481
2.32759
-1.40236
0.555332
2.58377
55.3985
2.31724
-1.46709
0.689248
2.19217
20.5229
2.28621
-1.42168
0.597504
2.50588
43.5765
2.3069
-1.3546
0.44836
2.34739
58.9479
2.33793
-1.33514
0.38658
2.3193
62.6178
2.34828
-1.25446
0.228959
1.67274
38.0269
2.4
-1.29692
0.304389
1.9941
53.8603
2.36897
-1.28108
0.276852
1.80069
44.4763
2.37931
-1.32407
0.375028
2.18807
61.7851
2.35862
-1.26743
0.251357
1.72816
41.9331
2.38966
