-1.67212
0.873755
1.05331
3.22432
2.1
-1.66255
0.86788
1.09137
4.60648
2.11034
-1.61905
0.835968
1.30476
16.678
2.15172
-1.64144
0.853904
1.18748
7.72831
2.13103
-1.65094
0.855009
1.25408
19.8386
2.12069
-1.63072
0.847229
1.21902
8.25437
2.14138
-1.57039
0.802342
1.46681
13.3411
2.1931
-1.54267
0.780394
1.56346
8.56461
2.21379
-1.59462
0.814838
1.4773
32.6213
2.17241
-1.5826
0.808701
1.45625
24.5112
2.18276
-1.55725
0.794781
1.46317
5.0942
2.20345
-1.60706
0.83276
1.31377
5.78907
2.16207
-1.49576
0.7185
1.99246
44.4936
2.24483
-1.51214
0.744457
1.85452
17.0987
2.23448
-1.43494
0.60502
2.49133
94.8331
2.27586
-1.52758
0.762501
1.71226
13.5946
2.22414
-1.45523
0.638165
2.55552
100.164
2.26552
-1.47333
0.682824
2.12768
55.7078
2.25517
-1.38197
0.425567
2.42363
171.781
2.29655
-1.31933
0.240704
1.74549
100.849
2.32759
-1.33589
0.273158
1.8505
117.051
2.31724
-1.35967
0.377401
2.31036
141.156
2.3069
-1.30049
0.194013
1.60179
79.2748
2.33793
-1.40478
0.507583
2.54412
136.943
2.28621
-1.2851
0.184037
1.53759
75.2096
2.34828
-1.21892
0.109424
1.20396
27.72
2.4
-1.22944
0.119121
1.21124
29.861
2.38966
-1.25532
0.136584
1.34813
44.9777
2.36897
-1.24185
0.125565
1.26198
38.5532
2.37931
-1.26989
0.15894
1.4347
56.6226
2.35862
