-1.66901
0.872337
1.01072
1.16349
2.12069
-1.64926
0.860115
1.092
1.9426
2.14138
-1.65734
0.86432
1.06576
2.20213
2.13103
-1.68824
0.88357
0.941176
0.806695
2.1
-1.6311
0.846106
1.17631
3.92174
2.15172
-1.67169
0.874111
0.987064
1.13547
2.11034
-1.5853
0.816787
1.3536
3.49277
2.20345
-1.5983
0.827703
1.28611
2.61273
2.1931
-1.63129
0.849873
1.1619
1.7083
2.16207
-1.6008
0.829021
1.26151
2.39447
2.18276
-1.61163
0.836343
1.22358
2.28505
2.17241
-1.56178
0.79339
1.51832
6.47799
2.21379
-1.53084
0.773005
1.53198
5.07047
2.24483
-1.54413
0.783386
1.49598
4.88715
2.23448
-1.49739
0.735037
1.74377
8.62463
2.26552
-1.48312
0.717757
1.79977
10.9331
2.27586
-1.55759
0.795277
1.45436
4.27456
2.22414
-1.49918
0.732936
1.75873
10.1817
2.25517
-1.42375
0.626667
2.11019
23.3761
2.3069
-1.35818
0.506249
2.08623
30.802
2.33793
-1.39982
0.585007
2.1756
25.8868
2.31724
-1.37591
0.548835
2.08488
26.6255
2.32759
-1.45579
0.670475
2.03715
18.6426
2.28621
-1.4224
0.62022
2.08325
22.904
2.29655
-1.34821
0.492555
2.06078
30.5447
2.34828
-1.32921
0.464749
2.01204
30.6381
2.35862
-1.25918
0.329773
1.53417
25.6624
2.4
-1.30838
0.424836
1.85264
28.6793
2.36897
-1.29144
0.393942
1.81432
28.4264
2.37931
-1.26078
0.337161
1.57572
25.6079
2.38966
