-1.64039
0.855214
1.18124
3.00484
2.14138
-1.66925
0.865495
1.16093
17.8435
2.11034
-1.65999
0.86526
1.12954
6.39788
2.12069
-1.67811
0.871595
1.16193
14.2936
2.1
-1.62858
0.846872
1.22535
4.1777
2.15172
-1.64707
0.850607
1.30971
20.6739
2.13103
-1.61044
0.835937
1.25289
2.53574
2.17241
-1.55939
-0.790703
1.6027
15.0462
2.21379
-1.59816
-0.821464
1.37356
14.5447
2.18276
-1.62088
0.841642
1.27631
5.80839
2.16207
-1.58501
-0.813598
1.48174
11.771
2.1931
-1.57241
-0.805388
1.46095
8.19601
2.20345
-1.52638
0.76044
1.73844
12.5858
2.23448
-1.4934
0.722339
1.89791
19.1474
2.25517
-1.50933
-0.737482
1.84043
26.9469
2.24483
-1.47678
0.706271
1.89258
14.2043
2.26552
-1.53952
-0.776426
1.60115
8.64602
2.22414
-1.45275
0.653666
2.29226
39.4199
2.27586
-1.35582
-0.0383625
2.27179
109.525
2.31724
-1.39814
-0.0409687
2.53304
95.1695
2.29655
-1.37596
-0.113175
2.67955
119.328
2.3069
-1.42407
-0.367836
2.41912
81.2067
2.28621
-1.33488
-0.046318
2.19388
98.1525
2.32759
-1.31262
-0.0168905
1.85465
80.2505
2.33793
-1.27574
-0.0279262
1.5434
57.4571
2.36897
-1.28905
-0.00318422
1.6398
60.5083
2.35862
-1.25938
-0.0165284
1.42372
43.288
2.37931
-1.2453
0.00292222
1.35698
36.0131
2.38966
-1.30609
-0.0320903
1.83631
78.2853
2.34828
-1.22863
0.0225108
1.28467
28.0043
2.4
