-1.67085
-0.873896
0.994529
1.2932
2.11034
-1.67986
0.877651
0.984923
1.99838
2.1
-1.66091
0.868212
1.02139
1.33548
2.12069
-1.64015
-0.853877
1.14666
4.09863
2.14138
-1.65015
0.860277
1.08726
3.66341
2.13103
-1.62892
-0.84726
1.14314
2.81204
2.15172
-1.55638
0.783933
1.5309
15.5839
2.21379
-1.61841
0.841327
1.17965
2.67102
2.16207
-1.60679
-0.83245
1.2569
3.40626
2.17241
-1.56969
-0.80552
1.36866
4.25956
2.20345
-1.59462
0.822596
1.33723
5.30033
2.18276
-1.58198
-0.812929
1.3808
6.24291
2.1931
-1.47443
-0.697838
1.92339
19.0365
2.26552
-1.45255
-0.229387
2.11248
31.4409
2.27586
-1.52411
0.759259
1.63213
10.3066
2.23448
-1.53788
0.769609
1.5905
12.1889
2.22414
-1.50761
-0.740888
1.71502
12.3526
2.24483
-1.48894
0.463391
1.91661
18.9993
2.25517
-1.41304
0.156692
2.30153
51.8345
2.29655
-1.34518
0.0421315
2.1412
60.9122
2.32759
-1.43643
0.194769
2.07156
31.3689
2.28621
-1.36503
-0.0419875
2.18391
61.7313
2.31724
-1.32447
0.0107224
1.96314
61.7479
2.33793
-1.38762
0.209081
2.26385
55.8411
2.3069
-1.2876
0.00312495
1.6194
49.0085
2.35862
-1.27423
-0.0179056
1.58778
47.761
2.36897
-1.23099
-0.022547
1.25857
28.2939
2.4
-1.30672
-0.0290902
1.7583
52.3088
2.34828
-1.25837
-0.0250299
1.42419
36.9784
2.37931
-1.24195
0.018036
1.3207
30.0661
2.38966
