-1.65585
0.863401
1.09902
3.79355
2.12069
-1.64543
0.857358
1.13382
4.81181
2.13103
-1.62477
0.844671
1.17562
3.48062
2.15172
-1.66537
0.866119
1.12591
10.8364
2.11034
-1.67342
0.871299
1.1052
7.04203
2.1
-1.63344
0.84869
1.2095
7.31217
2.14138
-1.5957
0.820865
1.32415
11.5434
2.17241
-1.54246
0.773671
1.59321
19.3639
2.21379
-1.58235
0.806303
1.464
22.0054
2.18276
-1.60879
0.833645
1.23233
5.84371
2.16207
-1.57082
0.805233
1.36529
4.23801
2.1931
-1.5564
0.793301
1.4332
5.07762
2.20345
-1.51503
0.747548
1.75452
15.8855
2.23448
-1.48093
0.706112
1.92714
22.6968
2.25517
-1.4978
0.725779
1.84658
20.4133
2.24483
-1.46111
0.675652
1.95727
29.4047
2.26552
-1.44008
0.633037
2.15891
44.3434
2.27586
-1.52978
0.769411
1.55279
7.76277
2.22414
-1.41643
0.567325
2.34797
84.2443
2.28621
-1.32601
0.32287
1.87925
88.8536
2.32759
-1.36904
0.445219
2.2809
95.3661
2.3069
-1.30515
0.258008
1.66771
72.2689
2.33793
-1.38495
0.472556
2.42588
103.707
2.29655
-1.34188
0.359777
2.03144
90.8288
2.31724
-1.23469
0.153479
1.25105
33.7239
2.38966
-1.25989
0.176275
1.33085
40.5295
2.36897
-1.24829
0.183474
1.31833
42.0494
2.37931
-1.27422
0.197474
1.41651
50.3489
2.35862
-1.22089
0.144595
1.20601
29.1449
2.4
-1.28983
0.244066
1.59981
67.6415
2.34828